0001000000001000
0010000001011000
1101000000011000
1010000000001000
1011000000001000
1100000000001000
0011000001111111
1000000000110000
0111000000110010
0000001101001010
1001101000110011
1010000000110000
0011000010010000
1010000010000000
0011000000110000
0000010001001010
0000011110111011
0100000010111111
1000000001000000
0111000001000010
0000011000001010
1001101101000011
1011000001000000
0100000010010000
1011000010000000
0100000001000000
0000011100001010
0000100001001001
0000000100111110
0000000110001001
0110000000010010
0001011000100010
0000000000111101
0101000011111111
1000000001010000
0111000001010010
0000101000001010
1001110001010011
1100000001010000
0101000010010000
1100000010000000
0101000001010000
0000101100001010
0000110000111011
0000000100111110
0001000000010000
0000100001001011
0000110011001001
0110000000010010
0001110100010011
0000000000111101
0000000000111110
0000110011001001